     0/272     2.36G      4.44       2.3         0      6.74         8       832         0         0         0         0      3.59      2.05         0
     1/272     2.36G       3.6      1.87         0      5.48         8       832     0.176     0.122    0.0325     0.144      3.51      1.81         0
     2/272     2.36G      3.18      1.62         0       4.8         6       832     0.098     0.324    0.0357      0.15      3.38      1.57         0
     3/272     2.36G      3.04       1.4         0      4.44         9       832     0.232     0.439     0.153     0.304      2.86      1.39         0
     4/272     2.36G      2.79      1.31         0       4.1         7       832      0.28     0.622     0.356     0.387       2.7      1.21         0
     5/272     2.36G      2.67      1.25         0      3.92         9       832     0.285     0.709     0.376     0.406      2.38      1.18         0
     6/272     2.36G      2.56      1.18         0      3.74         7       832     0.454      0.77       0.6     0.571      2.49      1.08         0
     7/272     2.36G      2.63       1.2         0      3.83         8       832     0.378      0.75     0.497     0.502       2.7      1.03         0
     8/272     2.36G      2.45      1.17         0      3.62        10       832     0.484     0.804     0.658     0.604      2.24     0.968         0
     9/272     2.36G      2.36      1.04         0       3.4         8       832     0.482     0.736     0.616     0.583      2.36     0.917         0
    10/272     2.36G       2.3      1.09         0      3.39         4       832     0.627     0.818     0.748      0.71      2.03     0.853         0
    11/272     2.36G       2.3     0.986         0      3.29         6       832     0.553     0.818     0.713     0.659      2.15     0.843         0
    12/272     2.36G      2.28     0.992         0      3.27         7       832     0.777      0.73     0.631     0.753      2.14     0.789         0
    13/272     2.36G      2.23     0.972         0       3.2        10       832     0.696     0.851     0.815     0.766      2.05     0.755         0
    14/272     2.36G      2.14     0.927         0      3.07         7       832     0.735     0.845     0.799     0.786      1.99     0.729         0
    15/272     2.36G      2.07     0.879         0      2.95        12       832     0.677     0.878     0.844     0.765      1.91     0.692         0
    16/272     2.36G      2.09     0.902         0      2.99         7       832     0.792     0.899     0.881     0.842      1.76     0.654         0
    17/272     2.36G      2.09     0.845         0      2.93        11       832     0.693     0.899     0.876     0.782       1.9     0.651         0
    18/272     2.36G      2.02     0.885         0      2.91         6       832     0.844     0.878     0.864     0.861      1.86     0.607         0
    19/272     2.36G      2.02      0.83         0      2.85         9       832     0.828     0.912     0.907     0.868      1.83     0.616         0
    20/272     2.36G      2.02     0.874         0      2.89        10       832     0.852     0.892     0.865     0.871      1.86     0.578         0
    21/272     2.36G      1.97     0.827         0       2.8         9       832     0.698     0.905     0.891     0.788      1.81     0.596         0
    22/272     2.36G      1.95     0.763         0      2.72         8       832     0.812     0.905      0.89     0.856      1.97     0.545         0
    23/272     2.36G      1.98     0.811         0      2.79        12       832     0.685     0.926     0.904     0.787      1.65     0.561         0
    24/272     2.36G      1.92     0.799         0      2.71         8       832     0.806     0.899     0.885      0.85      1.94     0.525         0
    25/272     2.36G      1.87     0.737         0       2.6        10       832     0.808     0.912     0.891     0.857      1.75     0.498         0
    26/272     2.36G      1.88     0.766         0      2.64         7       832      0.69     0.919     0.909     0.788      1.65     0.491         0
    27/272     2.36G      1.82     0.744         0      2.57         8       832     0.642     0.919     0.905     0.756      1.76     0.537         0
    28/272     2.36G      1.87     0.686         0      2.56         8       832     0.761     0.926     0.913     0.835      1.71      0.46         0
    29/272     2.36G      1.78     0.712         0      2.49         8       832     0.539     0.932     0.908     0.683      1.55     0.531         0
    30/272     2.36G      1.81     0.744         0      2.55        10       832     0.664     0.946     0.928      0.78      1.58     0.477         0
    31/272     2.36G      1.75     0.667         0      2.42        10       832     0.624     0.932     0.909     0.748      1.69     0.484         0
    32/272     2.36G      1.76     0.671         0      2.43         6       832       0.5     0.899     0.835     0.643      1.86     0.557         0
    33/272     2.36G       1.8     0.698         0       2.5        18       832     0.571     0.926     0.891     0.706      1.68     0.534         0
    34/272     2.36G      1.76     0.643         0       2.4         5       832     0.701     0.932     0.925       0.8      1.65      0.44         0
    35/272     2.36G       1.8     0.681         0      2.48         8       832     0.651     0.946     0.928     0.771      1.58     0.475         0
    36/272     2.36G      1.73     0.647         0      2.37         6       832     0.581     0.926     0.909     0.714      1.55     0.441         0
    37/272     2.36G      1.73     0.653         0      2.39         8       832     0.657     0.946     0.934     0.776      1.56     0.421         0
    38/272     2.36G      1.67     0.672         0      2.34        16       832     0.593     0.946     0.916     0.729      1.58     0.454         0
    39/272     2.36G      1.73     0.635         0      2.37         7       832     0.603     0.946       0.9     0.737      1.56     0.407         0
    40/272     2.36G      1.67     0.599         0      2.27        10       832     0.651     0.946      0.93     0.771      1.49     0.431         0
    41/272     2.36G      1.66      0.65         0      2.31         6       832      0.59     0.953     0.927     0.729      1.53     0.455         0
    42/272     2.36G       1.6     0.589         0      2.19        10       832     0.522     0.946     0.901     0.673      1.52     0.484         0
    43/272     2.36G      1.62     0.579         0      2.19         6       832     0.522     0.946     0.922     0.673      1.66     0.441         0
    44/272     2.36G       1.7     0.611         0      2.31         6       832     0.636     0.932      0.91     0.756      1.54      0.41         0
    45/272     2.36G      1.63     0.592         0      2.22         4       832     0.576     0.953      0.93     0.718      1.49       0.4         0
