0 0.058127 0.666213 0.074045 0.123055
0 0.105500 0.548109 0.140129 0.101839
0 0.136153 0.661263 0.062899 0.115983
0 0.298177 0.548109 0.116243 0.084866
0 0.238463 0.678943 0.084396 0.120226
0 0.468561 0.536086 0.133759 0.108911
0 0.432733 0.649948 0.063695 0.118812
0 0.503991 0.658434 0.050160 0.110325
0 0.945078 0.507090 0.101116 0.084866
0 0.912434 0.608222 0.070861 0.108911
0 0.972148 0.599028 0.045383 0.104668
0 0.785443 0.663385 0.055733 0.106082
0 0.709407 0.661263 0.080415 0.099010
