0 0.899009 0.357021 0.097731 0.498691
0 0.115414 0.335424 0.108202 0.489529
0 0.606251 0.583461 0.047993 0.022251
0 0.690894 0.579534 0.042757 0.019634
0 0.366286 0.572990 0.047993 0.024869
0 0.278590 0.579534 0.047120 0.024869
0 0.204419 0.569063 0.041885 0.024869
0 0.258084 0.490529 0.044503 0.030105
0 0.330073 0.467623 0.045375 0.023560
0 0.409044 0.471550 0.046248 0.020942
0 0.487141 0.491183 0.041885 0.026178
0 0.562621 0.496419 0.047993 0.020942
0 0.662970 0.411340 0.047993 0.023560
0 0.594035 0.407414 0.047993 0.026178
0 0.525972 0.408723 0.044503 0.020942
0 0.459654 0.402832 0.044503 0.022251
0 0.389410 0.407414 0.031414 0.023560
0 0.311312 0.401524 0.037522 0.022251
